0.0 0.8
0.1 0.6
0.2 0.4
0.3 0.9
0.4 1.2
0.5 0.7
0.6 0.3
0.7 1.1
0.8 1.5
0.9 0.8
1.0 0.1
1.1 0.5
1.2 0.9
1.3 0.4
1.4 0.2
1.5 0.7
1.6 1.3
1.7 0.9
1.8 -0.2
1.9 -0.5
2.0 -0.7
2.1 -1.1
2.2 -1.5
2.3 -0.9
2.4 -0.3
2.5 -1.3
2.6 -1.8
2.7 -1.2
2.8 -0.1
2.9 -0.7
3.0 -1.2
3.1 -0.8
3.2 0.4
3.3 0.1
3.4 -0.9
3.5 -0.4
3.6 0.6
3.7 0.2
3.8 -0.3
3.9 0.4
4.0 1.4
4.1 0.9
4.2 0.2
4.3 0.7
4.4 1.7
4.5 1.2
4.6 0.8
4.7 1.3
4.8 1.9
4.9 1.4
5.0 0.5
5.1 0.9
5.2 1.1
5.3 0.7
5.4 0.3
5.5 0.8
5.6 1.6
5.7 1.1
5.8 -0.4
5.9 -0.8
6.0 -1.1
6.1 -1.5
6.2 -1.9
6.3 -1.3
6.4 -0.6
6.5 -1.5
6.6 -2.2
6.7 -1.7
6.8 -0.3
6.9 -0.9
7.0 -1.7
7.1 -1.2
7.2 0.2
7.3 -0.3
7.4 -1.4
7.5 -0.9
7.6 0.7
7.7 0.3
7.8 -0.8
7.9 -0.2
8.0 1.3
8.1 0.8
8.2 0.1
8.3 0.6
8.4 1.8
8.5 1.3
8.6 0.9
8.7 1.4
8.8 2.1
8.9 1.6
9.0 0.4
9.1 0.8
9.2 1.2
9.3 0.7
9.4 0.2
9.5 0.9
9.6 1.5
9.7 1.0
9.8 -0.5
9.9 -0.9
10.0 -1.3
10.1 -1.7
10.2 -2.0
10.3 -1.4
10.4 -0.7
10.5 -1.8
10.6 -2.3
10.7 -1.9
10.8 -0.2
10.9 -0.8
11.0 -1.6
11.1 -1.1
11.2 0.3
11.3 -0.2
11.4 -1.1
11.5 -0.6
11.6 0.8
11.7 0.4
11.8 -0.9
11.9 -0.3
12.0 1.2
12.1 0.7
12.2 0.0
12.3 0.5
12.4 1.9
12.5 1.4
12.6 1.0
12.7 1.5
12.8 2.2
12.9 1.7
13.0 0.3
13.1 0.8
13.2 1.3
13.3 0.9
13.4 0.1
13.5 0.6
13.6 1.7
13.7 1.2
13.8 -0.6
13.9 -1.0
14.0 -1.4
14.1 -1.8
14.2 -2.1
14.3 -1.5
14.4 -0.8
14.5 -1.9
14.6 -2.4
14.7 -2.0
14.8 -0.1
14.9 -0.7
15.0 -1.8