0.00 7.810382
0.01 6.055161
0.02 3.555022
0.03 2.989173
0.04 1.913967
0.05 1.953593
0.06 1.828508
0.07 4.795014
0.08 3.196060
0.09 3.703416
0.10 1.926663
0.11 7.189527
0.12 4.652350
0.13 -2.489672
0.14 2.350056
0.15 6.889743
0.16 2.668466
0.17 3.277450
0.18 3.046783
0.19 2.751412
0.20 3.690899
0.21 2.532612
0.22 2.861086
0.23 3.062404
0.24 3.326173
0.25 4.754052
0.26 -0.513267
0.27 7.738845
0.28 3.893953
0.29 2.651653
0.30 10.752663
0.31 2.924529
0.32 2.776128
0.33 7.166393
0.34 7.791909
0.35 5.244023
0.36 3.339467
0.37 2.977146
0.38 4.579975
0.39 3.748267
0.40 3.100040
0.41 3.956204
0.42 3.008823
0.43 6.581784
0.44 3.454511
0.45 4.658229
0.46 3.612023
0.47 4.175054
0.48 4.282226
0.49 3.422784
0.50 8.375521
0.51 5.394079
0.52 7.382035
0.53 6.570578
0.54 4.576154
0.55 7.050206
0.56 3.380767
0.57 3.583962
0.58 3.340395
0.59 3.874713
0.60 4.035278
0.61 3.783810
0.62 5.966905
0.63 3.992216
0.64 7.505963
0.65 4.522203
0.66 -2.063958
0.67 5.794310
0.68 3.486075
0.69 9.876540
0.70 5.599184
0.71 3.716082
0.72 3.395068
0.73 5.923768
0.74 5.230897
0.75 5.349246
0.76 5.603239
0.77 3.504643
0.78 4.053086
0.79 3.569135
0.80 6.363533
0.81 4.840685
0.82 3.973622
0.83 3.463225
0.84 3.916452
0.85 3.939859
0.86 -2.500093
0.87 4.854077
0.88 6.594814
0.89 12.243005
0.90 3.489425
0.91 5.159299
0.92 5.417634
0.93 4.493506
0.94 5.453340
0.95 4.247761
0.96 4.319302
0.97 4.028964
0.98 3.212544
0.99 3.326080
1.00 3.182869
1.01 -2.907552
1.02 3.659069
1.03 -3.664168
1.04 6.619893
1.05 3.454513
1.06 10.579066
1.07 5.088188
1.08 3.339038
1.09 3.043055
1.10 3.408990
1.11 3.131694
1.12 13.154942
1.13 5.286719
1.14 4.285854
1.15 5.827478
1.16 5.161110
1.17 2.997241
1.18 6.001453
1.19 3.785023
1.20 5.059952
1.21 1.807896
1.22 3.094438
1.23 2.660110
1.24 2.837596
1.25 3.248976
1.26 4.932447
1.27 5.296537
1.28 2.312319
1.29 3.336034
1.30 3.035538
1.31 2.562846
1.32 2.338154
1.33 2.724621
1.34 6.361163
1.35 2.611396
1.36 3.081967
1.37 3.764529
1.38 2.579629
1.39 7.211306
1.40 6.740254
1.41 2.209665
1.42 2.763114
1.43 2.225307
1.44 2.147822
1.45 1.657625
1.46 2.968067
1.47 2.560986
1.48 1.548172
1.49 1.914351
1.50 4.963065
1.51 1.745785
1.52 1.524886
1.53 2.253486
1.54 11.075047
1.55 1.570510
1.56 2.782285
1.57 3.215099
1.58 1.425955
1.59 2.927755
1.60 1.616096
1.61 2.383768
1.62 2.343507
1.63 1.943619
1.64 0.889344
1.65 3.407811
1.66 1.237604
1.67 0.922198
1.68 0.630289
1.69 -2.901298
1.70 -5.293801
1.71 0.459769
1.72 1.467105
1.73 0.732088
1.74 1.857456
1.75 0.547335
1.76 1.978164
1.77 0.907470
1.78 4.272022
1.79 0.311199
1.80 0.673073
1.81 0.186463
1.82 -1.116565
1.83 -4.302195
1.84 -5.907932
1.85 -1.416895
1.86 -2.097419
1.87 -0.601452
1.88 -9.733684
1.89 -0.840296
1.90 -6.071210
1.91 -2.486321
1.92 -2.297362
1.93 -1.899951
1.94 -1.022743
1.95 -0.922232
1.96 4.628544
1.97 -1.015863
1.98 -3.661563
1.99 -1.532355
2.00 -0.822318
2.01 -7.689482
2.02 -5.071523
2.03 -6.053151
2.04 -11.388286
2.05 -1.239973
2.06 -1.896154
2.07 -3.755037
2.08 -3.324807
2.09 -1.304567
2.10 -8.532704
2.11 -1.530912
2.12 -1.554395
2.13 -2.612000
2.14 -2.893337
2.15 -2.854145
2.16 -1.332896
2.17 -5.361202
2.18 -6.913923
2.19 -1.480871
2.20 -0.988250
2.21 -7.472767
2.22 -5.222123
2.23 -4.592746
2.24 -3.422539
2.25 -2.909125
2.26 -1.505121
2.27 5.537106
2.28 -2.283055
2.29 -1.964474
2.30 -3.945162
2.31 -2.755458
2.32 -1.564792
2.33 3.819962
2.34 -3.713064
2.35 -1.579902
2.36 -5.238952
2.37 -2.801766
2.38 -2.750354
2.39 -3.239887
2.40 -4.931088
2.41 -2.306728
2.42 -3.720716
2.43 -3.123932
2.44 -2.077800
2.45 -5.674309
2.46 -4.648996
2.47 -3.602668
2.48 -5.253818
2.49 -5.487957
2.50 -3.909356
2.51 -5.068433
2.52 -3.826062
2.53 -3.708548
2.54 -3.349829
2.55 -4.208818
2.56 -1.751456
2.57 -5.652128
2.58 -5.496293
2.59 -1.436192
2.60 -4.860956
2.61 -1.629728
2.62 -2.157544
2.63 -4.049335
2.64 -1.664629
2.65 -4.706677
2.66 -4.853495
2.67 -2.684830
2.68 -1.264738
2.69 -1.911437
2.70 -3.136078
2.71 -9.144973
2.72 -3.178004
2.73 -1.761790
2.74 -3.150244
2.75 -2.672253
2.76 -4.124843
2.77 -1.302474
2.78 2.601849
2.79 -2.589535
2.80 -12.789132
2.81 -1.820416
2.82 -2.962066
2.83 -6.311821
2.84 -1.125505
2.85 -6.419958
2.86 -3.186039
2.87 -0.971157
2.88 -1.519753
2.89 -3.239422
2.90 -0.887902
2.91 4.534360
2.92 -1.540722
2.93 -2.602927
2.94 -0.727404
2.95 -4.708504
2.96 -7.834888
2.97 -7.484111
2.98 -3.283920
2.99 -0.762260
3.00 -3.292537
3.01 -0.471480
3.02 -0.435196
3.03 -1.140995
3.04 -1.668794
3.05 -3.238552
3.06 -2.563318
3.07 -1.412540
3.08 -0.838943
3.09 -8.611193
3.10 -1.245870
3.11 -1.303317
3.12 -0.427503
3.13 -3.205305
3.14 -2.371441
3.15 1.813286
3.16 0.848597
3.17 0.377723
3.18 0.379856
3.19 0.589034
3.20 1.384485
3.21 2.102255
3.22 8.299860
3.23 0.778124
3.24 8.247401
3.25 2.357500
3.26 1.592807
3.27 1.830808
3.28 1.258920
3.29 0.900740
3.30 1.164423
3.31 -2.429588
3.32 0.586702
3.33 0.779895
3.34 0.695045
3.35 0.716049
3.36 3.583935
3.37 2.535611
3.38 1.703698
3.39 0.921864
3.40 1.809737
3.41 1.784276
3.42 1.134130
3.43 1.728506
3.44 1.663550
3.45 2.361573
3.46 2.463649
3.47 1.045538
3.48 1.704106
3.49 2.498258
3.50 2.095763
3.51 3.981143
3.52 2.703565
3.53 1.379324
3.54 1.243207
3.55 2.696348
3.56 1.213809
3.57 2.514688
3.58 5.437115
3.59 2.514364
3.60 1.983484
3.61 2.809489
3.62 2.198762
3.63 2.477984
3.64 5.566734
3.65 6.392563
3.66 6.210746
3.67 4.886241
3.68 1.688803
3.69 1.481172
3.70 1.543369
3.71 1.421593
3.72 1.552077
3.73 3.135121
3.74 1.530396
3.75 2.002935
3.76 4.228328
3.77 1.473954
3.78 3.970275
3.79 1.944197
3.80 1.639530
3.81 3.243210
3.82 -1.070782
3.83 4.605442
3.84 3.449023
3.85 3.896565
3.86 1.951783
3.87 1.745714
3.88 3.532999
3.89 3.912546
3.90 8.427323
3.91 2.234733
3.92 2.128493
3.93 3.670786
3.94 2.041396
3.95 5.413159
3.96 4.331084
3.97 2.229447
3.98 3.462898
3.99 3.473697
4.00 4.980880
4.01 4.834138
4.02 2.383230
4.03 -1.230008
4.04 1.876363
4.05 4.669845
4.06 2.004282
4.07 1.263529
4.08 4.765678
4.09 1.353293
4.10 1.766833
4.11 5.664723
4.12 -0.910393
4.13 5.860859
4.14 2.601992
4.15 1.972200
4.16 1.576040
4.17 1.628366
4.18 2.679565
4.19 3.072597
4.20 3.304222
4.21 3.262599
4.22 1.039575
4.23 1.890314
4.24 -5.737023
4.25 2.003767
4.26 1.650642
4.27 4.025362
4.28 1.361748
4.29 0.867657
4.30 0.879219
4.31 -4.350723
4.32 2.024146
4.33 0.704893
4.34 0.641423
4.35 2.284591
4.36 0.550727
4.37 2.988319
4.38 2.200688
4.39 0.452638
4.40 0.420064
4.41 -0.882291
4.42 0.912450
4.43 6.555856
4.44 2.642991
4.45 4.502497
4.46 6.451656
4.47 2.107224
4.48 -8.822222
4.49 -0.157770
4.50 -4.153309
4.51 -1.889158
4.52 -1.357876
4.53 -2.830020
4.54 -1.623106
4.55 -4.466757
4.56 -4.995939
4.57 -1.516033
4.58 -1.113005
4.59 -2.303821
4.60 -5.422746
4.61 -1.071417
4.62 -2.593936
4.63 -2.684969
4.64 -3.374898
4.65 -1.060285
4.66 -3.339673
4.67 -5.663097
4.68 -1.310009
4.69 -1.501614
4.70 -8.112873
4.71 -1.449123
4.72 -4.948711
4.73 -2.496030
4.74 1.598876
4.75 -5.322732
4.76 -2.454438
4.77 -2.767163
4.78 -2.255704
4.79 -3.207852
4.80 -1.811859
4.81 -2.491253
4.82 -8.517612
4.83 -6.434238
4.84 -3.769567
4.85 -2.461242
4.86 0.096758
4.87 -2.041456
4.88 -8.804901
4.89 -3.055648
4.90 -2.426812
4.91 -2.082817
4.92 -2.343718
4.93 -3.479786
4.94 -7.647666
4.95 -11.152962
4.96 -3.261331
4.97 -10.127107
4.98 -4.132940
4.99 -4.705121
5.00 -2.655302
5.01 -2.694505
5.02 -2.439633
5.03 -5.068418
5.04 -4.618224
5.05 -3.761230
5.06 -6.227199
5.07 -5.820360
5.08 -4.338819
5.09 -6.665804
5.10 -3.105773
5.11 -2.914672
5.12 -3.337875
5.13 -2.857941
5.14 -0.138031
5.15 -8.317736
5.16 -2.910585
5.17 -3.119454
5.18 -4.090685
5.19 -8.346752
5.20 -3.701037
5.21 -4.382388
5.22 -3.077120
5.23 -3.337882
5.24 -11.670062
5.25 -2.320983
5.26 -3.095913
5.27 -13.944259
5.28 -5.166902
5.29 -7.197255
5.30 -4.380909
5.31 -4.636163
5.32 -4.546452
5.33 -5.419698
5.34 -3.538340
5.35 -3.313793
5.36 -4.003691
5.37 -5.720773
5.38 -3.745317
5.39 -5.544830
5.40 -10.325241
5.41 -3.525762
5.42 -5.571455
5.43 -4.520295
5.44 -7.407378
5.45 -3.752544
5.46 -5.728398
5.47 -7.016365
5.48 -9.166259
5.49 -11.839698
5.50 -4.761459
5.51 -5.312572
5.52 -7.453802
5.53 -5.081514
5.54 -3.452219
5.55 -8.735247
5.56 -5.726855
5.57 -5.642010
5.58 -3.867127
5.59 -5.527961
5.60 -8.394574
5.61 -5.472375
5.62 -3.584267
5.63 -5.496182
5.64 -18.226192
5.65 -6.777547
5.66 -10.883164
5.67 -4.357402
5.68 -7.393021
5.69 -6.338595
5.70 -4.949448
5.71 -5.943623
5.72 -7.462575
5.73 -4.266645
5.74 -4.007021
5.75 -5.400708
5.76 -6.479108
5.77 -6.035107
5.78 -6.339699
5.79 -4.266608
5.80 -6.507771
5.81 -3.336953
5.82 -4.631514
5.83 -3.047749
5.84 -3.797746
5.85 -3.901789
5.86 -3.973241
5.87 -5.317011
5.88 -3.897054
5.89 -4.077624
5.90 -3.402025
5.91 -3.766341
5.92 -3.319308
5.93 -2.926852
5.94 -4.595338
5.95 -4.922030
5.96 -4.617532
5.97 -7.269945
5.98 -3.577956
5.99 -6.571020
6.00 -4.022251
6.01 -3.829917
6.02 -2.543781
6.03 -3.292826
6.04 -3.380469
6.05 -3.406842
6.06 -4.089881
6.07 -3.844059
6.08 0.692546
6.09 -5.142012
6.10 -5.563312
6.11 -4.705922
6.12 -8.361822
6.13 -5.177423
6.14 -2.496862
6.15 4.270099
6.16 -4.070193
6.17 -9.539214
6.18 -9.488354
6.19 -7.104498
6.20 -1.954231
6.21 -10.572467
6.22 -2.617886
6.23 -1.925691
6.24 -3.002742
6.25 -2.225954
6.26 -2.263197
6.27 3.303050
6.28 -4.762105
6.29 -3.022148
6.30 -2.178622
6.31 -3.277587
6.32 -0.021839
6.33 -1.949227
6.34 5.112090
6.35 -1.492657
6.36 -1.592549
6.37 -3.438938
6.38 -1.513813
6.39 -2.563414
6.40 -3.503605
6.41 -1.221210
6.42 -2.631514
6.43 -1.510046
6.44 -7.468092
6.45 -2.161373
6.46 -4.081250
6.47 -2.361490
6.48 -0.814423
6.49 -2.693729
6.50 -6.699261
6.51 2.669694
6.52 -3.997863
6.53 -4.852835
6.54 -1.022716
6.55 -0.945977
6.56 -2.322354
6.57 -1.457989
6.58 -4.028195
6.59 -4.936340
6.60 5.812014
6.61 -0.804530
6.62 -3.264165
6.63 -0.841472
6.64 -3.625885
6.65 -1.238089
6.66 -2.307407
6.67 -4.622943
6.68 -2.000351
6.69 -1.217618
6.70 0.298813
6.71 9.424013
6.72 0.194416
6.73 1.211098
6.74 0.914868
6.75 6.206206
6.76 0.351711
6.77 0.958967
6.78 5.455655
6.79 3.254784
6.80 2.816121
6.81 0.737597
6.82 0.592682
6.83 1.989154
6.84 4.327949
6.85 8.988152
6.86 1.662025
6.87 0.901138
6.88 2.626925
6.89 0.752913
6.90 1.044796
6.91 1.304530
6.92 1.550464
6.93 0.917851
6.94 0.697368
6.95 1.941415
6.96 1.048942
6.97 1.854511
6.98 5.055358
6.99 1.552233
7.00 1.717351
7.01 0.664073
7.02 1.206788
7.03 5.447134
7.04 0.701060
7.05 7.509328
7.06 1.195130
7.07 3.104686
7.08 1.057792
7.09 2.334784
7.10 2.761521
7.11 1.977677
7.12 1.575614
7.13 1.413526
7.14 1.258756
7.15 4.591068
7.16 -1.291958
7.17 5.633822
7.18 0.797935
7.19 2.561709
7.20 4.765369
7.21 0.878669
7.22 0.673774
7.23 2.588741
7.24 1.833659
7.25 3.307781
7.26 0.756436
7.27 9.020967
7.28 -6.478054
7.29 6.695922
7.30 0.748468
7.31 2.992407
7.32 2.090848
7.33 -3.667271
7.34 1.083773
7.35 3.545678
7.36 1.129493
7.37 2.907661
7.38 1.211837
7.39 1.034373
7.40 1.236096
7.41 0.821384
7.42 2.327055
7.43 1.287687
7.44 0.613473
7.45 3.641387
7.46 0.896596
7.47 1.322207
7.48 3.675187
7.49 1.563790
7.50 0.256209
7.51 4.259318
7.52 1.498688
7.53 -0.903714
7.54 -0.221899
7.55 -1.757747
7.56 -1.709220
7.57 -0.853448
7.58 -1.165285
7.59 -1.369003
7.60 -2.049210
7.61 -1.694209
7.62 -5.311390
7.63 -1.680476
7.64 -10.034349
7.65 -4.182988
7.66 -0.869458
7.67 -5.769776
7.68 -0.714259
7.69 -3.901192
7.70 -1.490945
7.71 -4.773252
7.72 -4.650512
7.73 -3.912497
7.74 -3.788951
7.75 -1.428176
7.76 6.900243
7.77 -1.801511
7.78 -1.185482
7.79 -3.213381
7.80 -1.722992
7.81 -8.335207
7.82 -2.991416
7.83 -4.434762
7.84 -1.296466
7.85 -5.008056
7.86 -6.203139
7.87 -2.451394
7.88 -3.014892
7.89 -4.080058
7.90 -1.604143
7.91 -2.650730
7.92 -2.305584
7.93 -1.639017
7.94 -2.272713
7.95 -1.531468
7.96 -1.476177
7.97 -1.747739
7.98 -8.090429
7.99 -3.118442
8.00 -8.308628
8.01 -2.721794
8.02 -2.368401
8.03 -3.063962
8.04 -10.329317
8.05 -1.939274
8.06 -11.661738
8.07 -2.264373
8.08 -3.740883
8.09 -3.938602
8.10 -2.197155
8.11 -5.358193
8.12 -4.960400
8.13 -3.185137
8.14 -2.101204
8.15 -12.552617
8.16 -2.154716
8.17 -4.437246
8.18 -10.318676
8.19 -2.660242
8.20 -2.445333
8.21 -2.421659
8.22 -2.909420
8.23 -2.423030
8.24 -4.589068
8.25 1.352890
8.26 -3.700753
8.27 -13.723126
8.28 -5.681406
8.29 -4.247594
8.30 -3.087815
8.31 -4.330741
8.32 -8.521520
8.33 -3.520429
8.34 -2.706504
8.35 -6.795868
8.36 0.630208
8.37 -2.904498
8.38 2.967703
8.39 -3.567586
8.40 -6.025681
8.41 -5.167671
8.42 -5.466156
8.43 -2.565072
8.44 -10.951716
8.45 -3.873758
8.46 0.806415
8.47 -3.177233
8.48 -5.438422
8.49 -2.882175
8.50 -4.124696
8.51 -3.080484
8.52 -2.623327
8.53 -3.153292
8.54 -10.051684
8.55 -5.837800
8.56 -9.020105
8.57 -3.940812
8.58 -2.833299
8.59 -4.186284
8.60 -3.806654
8.61 -6.311250
8.62 -2.792389
8.63 -3.919970
8.64 -2.898746
8.65 -3.351332
8.66 -5.231926
8.67 -3.841589
8.68 -3.482018
8.69 -3.531852
8.70 -3.747407
8.71 -5.579217
8.72 -6.944586
8.73 -8.695024
8.74 -5.555266
8.75 -3.205650
8.76 -4.761906
8.77 -3.565593
8.78 -2.984532
8.79 -6.054156
8.80 -2.437057
8.81 -6.979261
8.82 -8.362492
8.83 -4.323760
8.84 -4.427338
8.85 -11.401338
8.86 -4.251307
8.87 -4.105262
8.88 -2.314347
8.89 -3.611612
8.90 -2.448923
8.91 -4.770479
8.92 -9.342194
8.93 -4.319167
8.94 3.353687
8.95 -2.156271
8.96 -4.468004
8.97 -2.066243
8.98 -2.032271
8.99 -1.875971
